optimality_gap_percentage: 0.0
objective_bound: 7879.901306508543
objective_value: 7879.901306508543
