optimality_gap_percentage: 0.0
objective_bound: 8966.163395870659
objective_value: 8966.163395870659
