optimality_gap_percentage: 0.0
objective_bound: 8637.862496832657
objective_value: 8637.862496832657
