optimality_gap_percentage: 0.0
objective_bound: 9943.778999623828
objective_value: 9943.778999623828
