optimality_gap_percentage: 0.0
objective_bound: 7534.2750198229605
objective_value: 7534.2750198229605
