optimality_gap_percentage: 0.0
objective_bound: 8315.800636309474
objective_value: 8315.800636309474
